evaluations raw_y
1 12.1815744520
6 10.1404102908
8 6.7656960691
12 2.5627229061
6199 2.3289835246
7054 1.6855586782
10064 1.8268275310
26029 1.5363281942
33057 1.4980089506
35628 1.2067654640
50009 21.9332122312
evaluations raw_y
1 19.7508399105
3 18.8691370828
4 17.6237200606
5 11.7284425755
6 9.1407366368
8 6.8396752830
27 5.1365892610
36 4.3793491075
69 3.7383107657
120 1.4473546894
18329 1.3020382273
50001 12.6380801930
evaluations raw_y
1 16.3524284086
2 13.4846783955
5 9.7600299683
16 8.7638189766
19 5.7652919979
27 7.0810950478
29 6.0606869717
271 4.7099686535
465 1.7791819334
1018 2.8365567988
6963 2.8685299909
8737 2.8071044307
10963 2.4855548552
12439 2.0439864145
13953 1.4866437019
50003 18.2208842822
evaluations raw_y
1 18.0230196993
5 17.7157958279
10 15.5474810054
13 2.5872359855
1588 2.3866977934
2441 1.6117550529
7094 1.5857706110
12655 1.1890481853
50002 7.4686151123
evaluations raw_y
1 13.5325106591
3 12.8508527663
8 11.6926622950
12 9.9202065548
14 4.2606419539
39 3.3773543960
1030 3.1082509936
1568 2.8088989413
4876 2.1604111706
13745 2.7329059050
16765 2.1723636508
17112 1.9716171300
19409 1.6692776150
29365 1.8733914291
30655 1.5797941221
44563 1.5783223330
50005 10.1747295872
evaluations raw_y
1 9.1501703066
3 8.0065214033
8 7.2671889328
9 5.1527217607
36 3.9478296758
121 3.7224281121
186 2.7085690044
1452 2.4433220173
3100 2.1242310781
14831 2.0251114161
20813 1.9349262040
50007 28.4829452429
evaluations raw_y
1 8.7340943524
3 8.5956773134
17 3.5797675089
18 3.4896049953
385 2.7705391071
868 2.1585669781
5019 2.3127793408
9260 2.0944374247
9797 1.9573365036
10252 1.9128881680
10735 1.7524212316
44774 1.1306187987
50003 17.9641722025
evaluations raw_y
1 19.5224476913
2 16.5628943804
3 14.9402836169
4 7.5615766674
20 6.0630764876
22 2.2610717487
3476 2.2017494309
6984 2.0537220770
21140 1.9213271677
34269 1.9224042222
38217 1.6181861788
44123 1.4558019405
50001 27.8614635738
evaluations raw_y
1 19.4914570270
2 14.6273444494
5 8.0068182698
27 5.6444342107
48 5.4861516555
49 3.2430376217
171 3.2220305577
645 2.5701465338
1037 1.6965698086
44328 1.4967481305
50004 1.4967481305
evaluations raw_y
1 21.6111206908
2 11.6531087867
4 11.3511878484
5 8.4396778053
28 3.4827193806
352 1.3868212736
50029 20.6426119058
evaluations raw_y
1 13.5910510349
4 6.2949215592
17 5.1099794505
53 4.1716203078
85 3.1122536665
434 2.6191580209
1927 2.3873501163
2284 2.2736067107
7734 2.1592806209
16147 2.1382936483
28250 1.7104750274
30188 1.2662645830
50003 21.6546632311
evaluations raw_y
1 7.4514782638
4 5.3130415650
22 3.8595723981
96 3.4541013237
249 3.0764807048
2037 1.8296211846
6716 1.5565373900
50000 21.5869496291
evaluations raw_y
1 24.2032580121
2 8.5254498747
33 7.2282024567
39 6.5715912750
47 6.2200082875
70 4.5611849790
72 5.2615378367
163 4.9446658978
187 4.6447622200
234 3.7522340572
385 3.1701546952
465 2.3037104259
1027 1.7079697774
50006 11.1363194809
evaluations raw_y
1 7.7610851728
3 7.0192690430
4 4.6564930326
44 4.4315398994
125 4.3052970845
410 3.9163777263
785 2.9179623407
1542 1.9219604762
13535 1.6349564863
29171 1.7234428574
34818 1.2676369848
50008 15.3504764488
evaluations raw_y
1 18.0893712393
3 14.7517093801
4 9.6077151188
15 8.7467217890
33 3.3763765791
262 3.1845463341
340 3.0203605481
2116 2.3950760812
2529 2.2766994445
3011 2.1217271612
7057 2.2359863673
10911 2.0329245875
14434 1.8695687201
30907 1.7517729990
31784 1.5323942227
50004 6.2402501130
evaluations raw_y
1 7.7054839947
3 5.4128726381
102 3.5955380711
575 3.5498797192
745 3.1544960468
758 1.7286901416
14581 1.7020035273
18364 1.6735289783
40613 1.5358412449
50012 14.4133560166
evaluations raw_y
1 20.7349248244
2 20.5598263313
3 10.9580872038
5 10.0725219437
24 8.3085856982
39 5.6623991819
51 5.3519318491
79 5.1924805019
105 3.8723072631
140 3.0236806371
762 2.7604347276
1218 2.3985594965
1337 2.3494839932
2789 2.2716724431
4103 1.9635301019
24970 1.1318349902
43318 1.0012709503
50007 18.0203853257
evaluations raw_y
1 10.8401158347
2 8.4695153941
13 7.2924944301
53 3.9593437759
268 3.3994771417
861 2.9598252529
1844 2.7963277957
10327 2.5198767054
10396 1.7092099077
50006 15.2725381585
evaluations raw_y
1 14.6829757143
2 8.9371238042
32 5.9223805408
53 4.4992602652
63 4.3509052736
140 3.9586722427
233 3.6557071093
385 2.7847360669
2262 2.2624860765
3398 2.2419780637
15078 2.1512893755
16117 1.7990707622
18052 1.6780653515
20677 1.2618799336
50010 18.6991823846
evaluations raw_y
1 14.3505623073
2 12.2273255720
3 4.7812952840
20 4.1363135098
89 2.6136031458
248 1.9270635464
1174 1.2124561925
44708 1.0186299852
50018 24.0098887223
evaluations raw_y
1 23.7274996252
2 7.5504831722
37 4.2362815386
157 3.6603558814
256 3.6249465935
267 3.0556061143
1478 2.5927878629
3457 2.5689012940
7335 1.7671583721
12549 1.7370268761
12665 1.3248959839
15874 1.1845220571
50037 19.7669759876
evaluations raw_y
1 11.8666328524
9 10.3182613429
11 9.3810063821
13 6.0344076154
60 4.5207379641
286 2.6000729791
1506 2.4555138440
9202 2.3470459762
11310 1.8229791570
47121 1.6860903224
50019 22.3966688993
evaluations raw_y
1 17.8765574093
2 12.7712527561
6 12.5706986751
7 10.3792010472
8 6.8082132640
24 6.4329453074
51 2.3588761226
1670 1.3052378964
50064 8.0063892537
evaluations raw_y
1 19.1269350196
2 10.9528467563
19 9.2374393910
25 7.9316830104
51 7.8408836399
61 3.6823630226
167 2.8558399808
463 2.7779314821
705 2.6819254455
1963 2.1573813387
10254 2.0347900828
16513 1.6489240131
16582 1.4076143091
32162 1.3005476940
50009 19.2837845479
evaluations raw_y
1 13.6362010120
3 3.9864783182
206 3.9863282186
675 2.7066108023
1947 2.2513412299
10017 1.8558065419
23656 1.1143855236
50037 13.4655881057
evaluations raw_y
1 19.9493236982
2 14.1761021813
3 12.1140635635
9 11.6270005792
10 9.8249206781
11 9.1442708711
12 8.2499402956
58 6.6228119846
67 6.5165174342
81 5.0548529111
118 4.1292131561
458 2.8371951054
2047 2.2481096086
9459 2.2273448792
12224 1.9236593139
28992 1.3664553652
50028 13.0061912796
evaluations raw_y
1 3.0333033836
1913 2.5388863172
2648 2.5866134991
2978 2.0617164057
11377 1.6286752419
50004 26.3113240532
